kmer	level_mean	level_stdv	sd_mean	sd_stdv
AAAA	73.21073049	12.47362797	3.500490541	1.433030423
AAAC	71.2004113	1.791085054	2.760972815	1.255376463
AAAG	76.44560646	2.542378446	3.101225636	1.44475462
AAAT	66.87468229	1.398065044	2.244896676	0.423223886
AACA	69.31041262	2.031025503	2.296503178	0.596309083
AACC	53.92269957	2.00394806	3.626367137	0.945702156
AACG	65.14928278	1.576467653	2.241271146	0.396545347
AACT	59.27226083	2.864862771	2.156157369	0.974078215
AAGA	69.14699984	1.945095074	2.32194077	0.524991622
AAGC	59.544345	2.407013097	2.658053952	0.906632989
AAGG	64.81048757	5.274513094	2.807263146	1.244955639
AAGT	60.69859341	2.440189284	3.323117126	1.07903836
AATA	58.49230676	1.689868256	1.843251147	0.49550696
AATC	47.73999806	2.6220935	2.104929172	0.811142256
AATG	69.22430127	2.804770121	2.953567694	0.891810684
AATT	61.84365902	7.010258288	3.060675101	1.150906093
ACAA	70.09233948	1.426711281	2.516288831	0.519566675
ACAC	66.5570962	1.765537611	3.446870629	0.733041826
ACAG	67.02414035	1.764963554	2.043860543	0.555618539
ACAT	68.36435955	1.789198336	2.209381982	0.399620195
ACCA	64.11248348	4.448764659	2.774605808	1.045475551
ACCC	62.95500918	1.964777321	1.906968196	0.633717119
ACCG	64.69214298	2.903775479	1.850060906	0.622511236
ACCT	60.5618233	1.712147262	1.89713843	0.721854375
ACGA	67.15874346	2.004224439	2.28584918	0.795875334
ACGC	59.53967799	2.211731881	2.781317665	0.718775002
ACGG	62.72171058	4.01397041	2.837113483	1.170688791
ACGT	58.39211856	2.958403067	3.632916098	1.462767267
ACTA	60.61788951	3.060391883	1.800546298	0.568944398
ACTC	53.27958313	1.858078572	2.184130424	0.697815601
ACTG	56.753688	2.070838027	2.209831805	0.677594646
ACTT	48.99862644	3.1041707	2.854320793	0.879440091
AGAA	83.32025575	2.148777226	3.055483108	0.658525299
AGAC	58.24842815	1.684175311	3.163664459	0.988598394
AGAG	77.20660891	2.59062992	2.834074419	0.76110019
AGAT	72.61808568	2.260516134	3.058907587	0.822877089
AGCA	75.69409829	3.033356056	3.260096875	1.3717778
AGCC	62.44840427	3.653502853	2.930046426	1.057014817
AGCG	72.21660948	2.058279028	2.720642476	0.65267982
AGCT	66.72605952	2.283448445	2.309429453	0.656820875
AGGA	76.59694296	3.440479356	3.177881896	0.655857785
AGGC	57.60465609	2.015042411	2.390458974	0.706672271
AGGG	61.53134179	3.474177533	3.515328034	1.193576917
AGGT	55.57815437	3.943978532	3.672529494	1.467409483
AGTA	49.05162839	5.094563265	2.719932384	0.769099986
AGTC	36.51052521	3.799128145	3.627078042	1.500316802
AGTG	49.75578653	6.595371649	4.145850503	2.017956675
AGTT	39.88372121	4.088345059	3.918669749	1.931005238
ATAA	68.67178155	2.03178506	2.567033897	0.982317523
ATAC	61.24590593	1.950604722	1.589738972	0.398865488
ATAG	66.3124288	2.169620022	2.032424646	0.475392617
ATAT	61.4674785	1.970726573	1.794139127	0.586291103
ATCA	59.77838939	2.422231783	3.103869197	1.130232501
ATCC	56.15884477	1.926711756	1.819688364	0.578741123
ATCG	61.53948391	3.158556355	3.194301711	1.204580725
ATCT	56.23527067	1.947893996	1.548050977	0.311874795
ATGA	54.83682088	3.874999001	3.003554941	1.259526119
ATGC	48.12322649	2.781496855	2.926981674	1.354638084
ATGG	54.41509991	1.804992604	1.969356033	0.687777079
ATGT	49.18874123	1.893076944	2.269347958	0.902927879
ATTA	47.94148342	4.489348289	3.435534592	0.968224805
ATTC	39.15623604	2.522306988	2.101491994	0.776509634
ATTG	45.70819021	2.399187088	1.95489859	0.509083726
ATTT	38.93931849	3.062562697	2.276893084	0.995490638
CAAA	67.37153899	7.856246709	2.517273136	0.727466529
CAAC	60.5485337	2.190534709	2.994761566	0.54946891
CAAG	67.0200694	1.812458614	3.505794936	0.63751674
CAAT	60.45215797	1.85566315	3.516904575	0.554614406
CACA	74.55724598	4.453043541	2.730289744	0.786891413
CACC	63.60658855	1.669424267	1.842581629	0.51249919
CACG	62.04959563	1.633186873	3.930870349	0.893997753
CACT	56.94808775	1.515766841	2.991120946	0.686725244
CAGA	70.120529	2.487857596	2.835969189	0.767055045
CAGC	53.86438114	3.514969728	2.767306994	0.736442503
CAGG	61.27196205	1.437904695	2.342217627	0.516638752
CAGT	56.16160078	3.282171315	4.49779248	1.761225317
CATA	59.23180605	1.775484828	1.840633189	0.351488454
CATC	49.69894228	2.352121471	2.191163458	0.654845759
CATG	54.9275309	2.868234947	2.617366982	0.766706128
CATT	47.17354031	3.988441835	3.570556682	0.91781834
CCAA	67.89311211	1.654818269	1.913336497	0.580939783
CCAC	57.45004409	5.3233558	2.789090657	0.672438934
CCAG	64.72538766	3.120928681	2.616766648	0.892660789
CCAT	63.73511979	2.587620187	2.454981916	0.69054045
CCCA	67.06106693	1.535273749	1.848475448	0.445743556
CCCC	62.18676952	1.799750987	1.712457298	0.538154617
CCCG	66.62241408	1.030529773	1.669915638	0.361933386
CCCT	54.28723202	1.797531117	1.688619451	0.579131448
CCGA	67.24117007	1.818979627	1.916042967	0.615224749
CCGC	57.8290935	2.01648289	2.322498766	0.672949823
CCGG	60.22126582	2.298182467	2.434721127	0.952995782
CCGT	53.04858695	2.780913974	4.750614397	1.863159434
CCTA	62.84689955	1.46711896	1.460149275	0.622871116
CCTC	53.0760657	2.332151648	1.522676935	0.412275487
CCTG	51.11557149	2.780293407	2.442516428	0.776168099
CCTT	45.87478458	2.674073522	3.536029772	1.154732396
CGAA	69.93250004	2.522170697	2.927934859	0.584789514
CGAC	59.87578569	1.553001379	2.230614	0.458890041
CGAG	68.86713144	1.45483874	2.433752677	0.491786426
CGAT	66.91553241	3.053943227	3.442296313	0.982670382
CGCA	68.9108733	3.56158872	2.743459726	0.864451726
CGCC	57.79559032	2.351218994	2.33741213	0.982230866
CGCG	69.95768376	2.512414132	3.004701641	0.90251567
CGCT	61.8557182	2.427793517	2.189321916	0.724896881
CGGA	53.53977769	2.526966517	2.77784112	0.58557569
CGGC	49.97601253	3.317473125	2.809550133	1.013798002
CGGG	50.85972669	2.237255132	2.641792305	0.593833247
CGGT	48.286801	3.328389358	2.921959924	0.870914951
CGTA	39.54953481	3.587993317	3.219916006	1.201811732
CGTC	29.93509593	5.883798717	3.584975144	1.974502426
CGTG	34.34893055	4.36700709	3.145271659	1.111009928
CGTT	31.06928077	3.511435913	3.585971533	1.863739983
CTAA	68.42120491	2.059175045	2.111013208	0.512984441
CTAC	59.58784234	1.237109053	1.311992712	0.251260092
CTAG	64.80032526	2.225587192	2.299280394	0.6550314
CTAT	61.32445286	1.347915063	1.736298443	0.464069033
CTCA	62.19397557	2.115444249	2.714951544	0.916417124
CTCC	59.54150464	1.338785274	1.850655723	0.577025155
CTCG	62.21065903	2.720921453	3.141283705	1.006393763
CTCT	52.21027906	2.430185768	1.64150347	0.559678913
CTGA	54.43012746	2.690807133	3.33601105	1.199273285
CTGC	44.29367104	3.39047249	3.59742335	1.616215596
CTGG	59.82275336	3.350384166	2.933393955	0.898940376
CTGT	43.23097597	3.764543764	2.925255361	1.336587118
CTTA	45.94376369	2.741124218	2.831382541	1.046556254
CTTC	36.44952601	3.437669489	2.742263319	1.365226901
CTTG	43.18514304	2.159040137	1.93970538	0.511805465
CTTT	37.12498613	2.957263128	2.189963397	0.83719183
GAAA	81.32188987	3.126622813	4.211247988	1.291713485
GAAC	60.74336842	2.010465772	2.642794522	0.637050895
GAAG	73.17800785	2.680055891	2.451604631	0.612959436
GAAT	78.11923417	3.855897643	3.782158938	0.895201523
GACA	63.25479496	1.203797598	2.061316915	0.402509325
GACC	57.89747365	2.407949424	1.8716335	0.612140199
GACG	60.36422906	3.648463034	2.303617869	0.631554352
GACT	61.29862172	1.277479649	1.834859593	0.459822646
GAGA	65.79647939	4.869953086	2.975647435	1.135744634
GAGC	59.69342742	1.951351585	2.447860266	0.777040609
GAGG	65.50953929	1.555719035	2.516445486	0.552317405
GAGT	64.77366845	5.074964707	4.242026327	2.357686184
GATA	59.14524876	1.76537776	2.41787176	0.932526353
GATC	48.27770293	3.867003354	3.070227058	1.230887629
GATG	56.78843668	2.793953787	2.705150167	1.017028013
GATT	48.55533176	4.638749849	3.989255403	1.947054408
GCAA	69.92840842	2.991615572	2.348033558	0.659756088
GCAC	63.71109438	5.182219895	3.225419253	1.444039202
GCAG	77.22090479	2.372050308	2.467691099	0.656106445
GCAT	65.4879456	2.937261992	2.819903618	0.725375256
GCCA	65.00587895	1.949569628	1.962528757	0.722119444
GCCC	59.09632527	1.276773231	1.624630547	0.445169819
GCCG	65.51671368	2.248293672	2.221075948	0.86014309
GCCT	61.862403	2.441673879	2.326957696	0.782837418
GCGA	67.82034677	1.251824679	2.472368993	0.613051879
GCGC	58.56081086	3.305947644	2.026342798	0.598909061
GCGG	65.46047978	2.396335975	3.038132207	0.971182191
GCGT	55.02864565	5.155019183	4.825793619	2.087218358
GCTA	60.55093529	1.81645136	1.915935098	0.551763647
GCTC	51.83538268	2.463440358	2.601701924	0.955473602
GCTG	54.31534468	4.781005416	2.694238874	1.259520295
GCTT	47.00034316	2.982537364	2.946411841	1.016211291
GGAA	77.51309639	6.578786136	5.338197801	2.137942715
GGAC	59.39517719	3.772053831	2.568937827	0.886636282
GGAG	67.27579876	7.546228447	2.854402782	1.434013704
GGAT	72.29374667	5.654332014	3.026465859	0.893876224
GGCA	70.10281942	4.68852367	3.964174093	2.056764182
GGCC	63.68327512	2.405080935	3.258611975	1.153034639
GGCG	70.15309517	2.669374468	2.764228904	0.779897877
GGCT	65.20839928	3.948635053	2.750160666	0.905558171
GGGA	56.65764574	2.781980553	4.2967702	1.225620732
GGGC	47.93200448	2.698420939	2.776849625	0.545389064
GGGG	39.70404538	4.304449224	4.344125448	2.153806291
GGGT	37.73421541	4.558296899	1.625665422	0.589298634
GGTA	40.43962221	4.209571169	3.13557351	1.149420212
GGTC	31.86711285	3.316985208	2.922713623	1.217700175
GGTG	39.91032536	2.63929633	2.518213004	0.654445178
GGTT	31.40491688	2.497744324	2.410387744	0.892328807
GTAA	61.05625941	2.473056392	4.564843678	2.238240156
GTAC	54.01546435	3.872243455	3.517450614	1.266892157
GTAG	63.55671538	2.364410622	3.567648603	1.282573528
GTAT	58.64070691	2.675556529	3.566010429	1.84311837
GTCA	51.15082569	3.727054744	4.740685504	2.934198657
GTCC	48.19332036	2.732737701	3.915361996	2.031389741
GTCG	55.69523672	2.393917718	4.521063877	2.46539981
GTCT	50.31357372	3.116006079	3.987474318	1.582510539
GTGA	48.37821174	3.146628642	4.316135245	1.42099048
GTGC	40.89663548	2.59409117	4.117029301	1.570905123
GTGG	40.52002151	8.267857706	3.581871551	1.56329157
GTGT	46.36277272	2.252709974	2.721392999	0.718479176
GTTA	41.40711352	2.807235493	2.578762126	1.068130268
GTTC	33.58942523	2.483225225	1.820788732	0.581746251
GTTG	38.70166286	3.367368999	2.082654982	0.64557575
GTTT	36.15779743	1.750482638	1.596124239	0.409122964
TAAA	69.29384387	1.162247344	2.096097836	0.570139845
TAAC	61.2277908	2.228252192	2.693942479	1.022959623
TAAG	71.40945393	1.75637858	1.931612225	0.450919578
TAAT	66.83822121	1.899698348	2.851291083	0.743971359
TACA	61.73800078	1.418939844	1.962145	0.481869211
TACC	56.25218249	3.510916942	2.721561185	0.946681194
TACG	65.36518865	2.464067436	2.007866127	0.771728916
TACT	60.93687294	1.997246385	2.017135259	0.868025007
TAGA	68.44941055	1.698705772	2.682627702	0.515761172
TAGC	58.85444003	1.428817735	2.029952701	0.501295154
TAGG	64.99422981	2.170787603	1.781187687	0.401577838
TAGT	59.91051333	3.54552714	3.874615651	1.322944173
TATA	59.4188897	2.091765794	1.628971613	0.568541557
TATC	50.19101699	2.410219121	2.032546532	0.799182799
TATG	54.06792796	1.705976842	2.126264891	0.774329689
TATT	47.53012243	3.768062572	3.524620798	1.138515507
TCAA	63.72143831	1.691073253	2.594939846	0.569623267
TCAC	52.32034328	2.767336878	3.274765365	1.349587817
TCAG	66.34713823	2.657986815	2.650166115	0.680841921
TCAT	64.01306532	2.68190013	3.023066112	1.020816092
TCCA	67.01892615	2.645522353	1.876069628	0.445095485
TCCC	56.98808647	2.998971391	2.222478989	0.814517391
TCCG	63.60501891	3.229760001	2.555258496	1.090626737
TCCT	59.62140909	2.301815416	2.48838315	0.912540587
TCGA	65.999676	2.383987705	2.574413554	0.594600193
TCGC	57.7576527	1.518827886	1.679990801	0.503546617
TCGG	59.98299863	3.497216057	2.286613634	0.720853311
TCGT	54.74892257	4.363139655	4.279783912	2.020185513
TCTA	58.68105068	1.822105208	1.81663606	0.53387867
TCTC	51.37427483	2.860414501	2.416915384	1.037273136
TCTG	53.49651166	2.235037745	2.361205438	0.823030149
TCTT	45.95116522	3.32635145	2.651068885	0.831190678
TGAA	71.68528637	7.141783405	5.012994681	2.316557881
TGAC	65.4459237	2.1521281	3.462159994	1.267857859
TGAG	60.6371552	5.203786895	3.659940116	1.498334271
TGAT	68.28276153	4.24650902	3.817654328	1.427202344
TGCA	71.26255776	4.413176706	4.889617354	2.206382011
TGCC	61.46763635	3.123038788	3.464173308	1.289493642
TGCG	66.78412812	5.007648965	4.225567126	1.640836958
TGCT	60.67741748	3.154554253	3.539606905	0.906960885
TGGA	72.51064872	5.234160003	3.097882383	0.811497503
TGGC	52.66685274	3.462129473	2.886353526	1.301328955
TGGG	48.39625718	3.254265312	2.418509425	0.454267328
TGGT	46.75109716	2.781658164	3.478519647	1.481278086
TGTA	38.37596264	3.942488068	2.409904633	0.704551535
TGTC	27.97798843	4.978826413	2.544196628	1.033540315
TGTG	32.86076227	2.156110562	2.520300665	0.611225527
TGTT	29.89169316	2.402194956	2.413664735	0.810330412
TTAA	64.44061646	3.953608033	4.085806085	1.305007779
TTAC	55.93053995	2.112786924	3.490106715	0.916592622
TTAG	66.05222954	3.407586235	3.513641484	1.031493147
TTAT	59.54082129	4.159239789	2.961868466	0.972110211
TTCA	59.04761183	3.034615862	4.550577651	2.128359292
TTCC	51.32835394	3.073421244	3.841194439	1.498313698
TTCG	50.10777878	3.685343127	4.256873829	1.05086018
TTCT	52.34159597	4.128033519	3.173592092	1.302547683
TTGA	51.93725384	2.958796923	3.376955577	0.817712634
TTGC	42.65067196	2.0711793	2.51389749	1.082167642
TTGG	52.46563124	3.134239692	2.438276364	0.609433806
TTGT	43.67628629	2.453913602	2.498478192	0.841077405
TTTA	47.68778718	3.083908409	2.940567384	1.199554065
TTTC	35.23194589	1.811290913	1.882200221	0.584098562
TTTG	39.95282304	2.702394082	1.82779786	0.580919336
TTTT	35.61749761	2.149288903	1.181850891	0.183919152